inherited Form2_NmXhdpiPh: TForm2_NmXhdpiPh
  ClientHeight = 615
  ClientWidth = 400
  DesignerMasterStyle = 3
  inherited Image1: TImage
    MultiResBitmap.Height = 789
    MultiResBitmap.Width = 500
    Size.Width = 400.000000000000000000
    Size.Height = 615.000000000000000000
  end
  inherited Button1: TButton
    Position.X = 96.000000000000000000
    Position.Y = 396.000000000000000000
    Size.Width = 201.000000000000000000
    Size.Height = 85.000000000000000000
  end
  inherited Button2: TButton
    Position.X = 96.000000000000000000
    Position.Y = 500.000000000000000000
    Size.Width = 201.000000000000000000
    Size.Height = 85.000000000000000000
  end
end
